pre.send,main.matrix,remain.matrix,total.comput,total
0.00773261,0.159353,0.0144514,0.173805,0.181537
0.00789658,0.151848,0.0147251,0.166574,0.17447
0.00777866,0.151291,0.0146459,0.165937,0.173716
0.00779773,0.153833,0.014612,0.168445,0.176243
0.00836301,0.158226,0.015171,0.173397,0.18176
0.00782674,0.15289,0.0146382,0.167528,0.175355
0.00793612,0.153285,0.0147694,0.168054,0.17599
0.00731788,0.151427,0.0141377,0.165564,0.172882
0.0072587,0.152397,0.0141802,0.166577,0.173836
0.00779249,0.15258,0.0145789,0.167159,0.174952
