pre.send,main.matrix,remain.matrix,total.comput,total
0.00752466,0.157591,0.00940997,0.167001,0.174526
0.00820742,0.156847,0.0100815,0.166929,0.175136
0.00807042,0.156009,0.0099315,0.16594,0.174011
0.0081232,0.156795,0.00997994,0.166775,0.174898
0.00827346,0.157108,0.0101358,0.167244,0.175517
0.00765016,0.156558,0.00950402,0.166062,0.173712
0.00828137,0.157485,0.0101538,0.167639,0.17592
0.00762513,0.156479,0.00949924,0.165979,0.173604
0.0077171,0.157563,0.00957861,0.167142,0.174859
0.0082681,0.162011,0.0101522,0.172163,0.180431
