pre.send,main.matrix,remain.matrix,total.comput,total
0.00778486,0.244269,0.0077853,0.252055,0.25984
0.00762107,0.2399,0.00762139,0.247522,0.255143
0.00820122,0.239575,0.00820166,0.247776,0.255978
0.00767489,0.24011,0.00767518,0.247785,0.25546
0.00769178,0.240836,0.00769232,0.248529,0.256221
0.00767028,0.241736,0.00767063,0.249406,0.257077
0.00768352,0.240084,0.00768391,0.247768,0.255452
0.00766436,0.240073,0.00766465,0.247738,0.255402
0.007665,0.23946,0.00766577,0.247126,0.254791
0.00763179,0.239926,0.00763208,0.247558,0.25519
