pre.send,main.matrix,remain.matrix,total.comput,total
0.0077702,0.159851,0.014206,0.174057,0.181828
0.00834652,0.160317,0.0148409,0.175158,0.183504
0.00723277,0.161309,0.0137648,0.175073,0.182306
0.00772656,0.159556,0.0141735,0.173729,0.181456
0.0077363,0.159332,0.0141475,0.173479,0.181216
0.00777481,0.160233,0.0142705,0.174504,0.182278
0.00713726,0.159543,0.0135618,0.173105,0.180242
0.00713734,0.159772,0.0135469,0.173319,0.180456
0.00776625,0.161518,0.0142595,0.175778,0.183544
0.00768593,0.159197,0.0141185,0.173315,0.181001
