pre.send,main.matrix,remain.matrix,total.comput,total
0.00759766,0.156157,0.00961548,0.165773,0.17337
0.0081783,0.162315,0.0101008,0.172416,0.180594
0.00821579,0.158773,0.0101755,0.168948,0.177164
0.00765607,0.156974,0.00968178,0.166656,0.174312
0.00756807,0.157109,0.00957704,0.166686,0.174254
0.00767769,0.158776,0.00960947,0.168386,0.176063
0.00753702,0.156713,0.00951037,0.166223,0.17376
0.00770903,0.157933,0.00967404,0.167607,0.175317
0.00813908,0.157644,0.0101222,0.167766,0.175905
0.00810735,0.156906,0.0101226,0.167029,0.175136
