pre.send,main.matrix,remain.matrix,total.comput,total
0.00784312,0.157111,0.0164978,0.173609,0.181452
0.00781278,0.15639,0.0164706,0.17286,0.180673
0.0077946,0.156954,0.0164285,0.173382,0.181177
0.00782466,0.157154,0.0164383,0.173592,0.181417
0.0077691,0.156223,0.0164361,0.172659,0.180428
0.00778633,0.15629,0.0163874,0.172678,0.180464
0.00780167,0.15665,0.016397,0.173047,0.180849
0.00781201,0.15623,0.0163946,0.172625,0.180437
0.00781062,0.156376,0.0165179,0.172894,0.180704
0.00789253,0.157292,0.0166256,0.173918,0.18181
